baud: 250000
camera_index: 0
camera_settings:
  '0':
    blur: false
    exposure: -4.0
    gain: 0.0
    offset_x: 0.0
    offset_y: 0.0
    pixel_per_cm: 97.0051545022222
    zoom_level: 1.2000000000000002
  '1':
    blur: true
    exposure: -5.0
    gain: 15.0
    offset_x: 0.39999999999999997
    offset_y: 0.20000000000000034
    zoom_level: 1.5000000000000004
selected_port: COM6
text_value: szovegszoveg
